0.701194 0.219687 2.137992 0.448511 0.425262 
-0.394872 0.530122 0.338353 0.304823 -0.769641 
-0.829729 0.747498 -1.147657 -0.077460 -1.464127 
1.167922 1.071782 0.835269 1500148238731182080.000000 0.200315 
-0.312740 -0.817431 0.747856 -1.029360 0.321305 
1255351595533598720.000000 1210344873756983296.000000 -1.439633 1571444970722689024.000000 -1.527788 
0.129701 -0.374672 0.178117 -0.329689 1.695224 
0.688832 -1.644246 -1.557456 0.963159 -0.324201 
1084229309503111168.000000 1284173231271444480.000000 1.416205 1024428933652676608.000000 1272462470362955776.000000 
0.227160 0.824964 -0.081541 0.610648 0.344640 
-0.282460 -0.444861 -0.917881 -0.383788 -0.878969 
1255351595533598720.000000 -1.872786 -0.216979 1571444970722689024.000000 0.574912 
-0.671282 0.400326 -0.679006 0.396779 0.557877 
1657043187895631872.000000 1529375456820723712.000000 0.134234 1488461804517457920.000000 1687719837188489216.000000 
1.051201 -1.144044 2.578480 1024428933652676608.000000 -0.734301 
-1.834393 1645372009405743104.000000 1792674406812614656.000000 1500148238731182080.000000 1475800653245710336.000000 
-0.519375 0.151339 -0.421090 -0.754091 -1.109776 
-0.800182 -2.158949 0.294653 -0.486246 1687719837188489216.000000 
0.096940 -0.867626 1.442171 -0.753421 -0.469820 
-2.146322 1529375456820723712.000000 0.063304 1.726072 2.990073 
1312797779550011392.000000 1645372009405743104.000000 -0.803953 1500148238731182080.000000 1475800653245710336.000000 
-0.574629 0.305082 1.286142 1024428933652676608.000000 -0.166372 
0.205239 1472435185592041472.000000 0.850841 1229747268257579008.000000 0.161254 
0.836262 0.371642 -0.024208 -1.169567 1.181359 
-1.697397 -0.722712 0.271353 0.992269 2.094066 
1419454805490794496.000000 -0.263332 0.288875 1229747268257579008.000000 -0.494851 
1312797779550011392.000000 -1.829385 -0.108101 1500148238731182080.000000 1475800653245710336.000000 
-2.824644 0.689913 0.319298 -0.873449 1475800653245710336.000000 
0.381719 2.117313 -0.594022 1.398897 1.207480 
-0.598896 0.013041 -0.009843 1.274082 0.130792 
1255351595533598720.000000 1210344873756983296.000000 1702098563061776384.000000 -1.466657 1580764843596578816.000000 
1312797779550011392.000000 -0.770446 0.403718 1500148238731182080.000000 0.467326 
1.138254 0.136945 1.618838 -0.189734 0.281812 
-0.373001 -2.476172 1.559886 1.088577 0.544604 
2.175828 1.118997 -1.143900 1.377071 1.143583 
1.597878 -0.445156 -1.062071 1.748499 -1.372692 
-1.744370 -0.778215 0.583407 -2.076513 0.606210 
1255351595533598720.000000 1210344873756983296.000000 1.801008 -1.490801 0.072279 
-0.987647 0.519390 0.682209 -0.565597 0.029298 
-0.978296 -0.584361 0.825768 0.448228 -0.231412 
-1.148937 -0.852814 -0.461504 0.930009 -1.343638 
-0.027458 0.111217 0.530220 1229747268257579008.000000 0.062112 
0.302261 -0.685145 -0.306100 0.510547 0.417426 
-1.780991 1210344873756983296.000000 1702098563061776384.000000 1571444970722689024.000000 -1.336035 
-0.365962 -0.944816 -0.205969 0.281929 -0.070575 
1.298196 1.047946 1.125974 1.165140 -0.650629 
0.321748 0.796956 0.859290 0.119557 0.318584 
-0.196136 0.339681 -0.688470 -0.576406 1687719837188489216.000000 
-0.061551 0.198470 0.937744 1.116184 1.074993 
1.058315 -0.781629 0.766536 0.039273 0.826035 
1.638481 1529375456820723712.000000 -0.452784 -1.712517 1687719837188489216.000000 
0.649161 0.091995 1.977801 -1.796790 0.419003 
0.630643 0.029503 -0.804355 0.466842 -0.846739 
0.932195 0.645598 -1.080930 0.726393 0.030439 
-0.153450 0.794397 0.075058 0.320665 -0.888262 
-1.328171 -2.557321 -0.559722 1024428933652676608.000000 -1.248087 
-0.792097 -0.794308 0.612363 0.144182 1.076738 
0.875882 0.991009 -0.046751 1500148238731182080.000000 -0.448279 
-1.740587 1210344873756983296.000000 -0.744961 1.452322 -2.046686 
-0.614812 0.893587 -0.271040 -0.096631 -0.189419 
-0.784016 -0.575699 1.141205 0.669849 0.042745 
0.652057 -1.583269 0.429532 1500148238731182080.000000 -0.084402 
1419454805490794496.000000 1472435185592041472.000000 -0.971733 1229747268257579008.000000 0.107595 
1.453682 3.004167 1.540748 0.951524 4.044837 
1312797779550011392.000000 1645372009405743104.000000 -1.157644 1500148238731182080.000000 1475800653245710336.000000 
-0.805585 -0.874175 -1.652367 0.884048 1.247291 
1255351595533598720.000000 -1.613160 1702098563061776384.000000 0.057226 -0.828903 
1255351595533598720.000000 1210344873756983296.000000 0.029495 1571444970722689024.000000 -0.609306 
-0.206185 -1.628293 -0.393329 -0.034883 0.029938 
-0.208651 1.674100 -0.164039 -0.922666 0.360209 
-0.905694 -0.622582 2.094548 0.810391 -0.291096 
-1.210886 0.249091 0.171958 -0.192914 0.723161 
0.478312 -0.697020 -1.574183 0.963858 0.428416 
-1.476046 1284173231271444480.000000 -0.279095 1024428933652676608.000000 0.333609 
0.269752 0.007274 -1.870298 0.876863 0.432986 
0.472728 0.315670 -1.020029 -0.061545 -0.115306 
1255351595533598720.000000 1210344873756983296.000000 -1.803887 -0.811338 0.725143 
0.474225 -1.333304 0.268447 0.190751 -0.219844 
-2.182139 1210344873756983296.000000 1.259864 0.875867 0.776969 
-1.071124 -1.597422 2.354681 0.471715 -0.770890 
1.016275 -2.186426 -0.710429 -0.529694 0.163779 
2.906283 1529375456820723712.000000 1.250700 -0.247741 -0.433894 
1.430076 -0.973179 0.233286 -0.139552 0.891378 
0.025401 0.062806 1.474831 -0.124768 -0.309265 
1312797779550011392.000000 1645372009405743104.000000 -2.029896 1500148238731182080.000000 -1.220792 
2.031971 -0.315384 -0.203039 -0.298784 -0.148052 
-0.666040 -0.950072 -1.329697 0.992515 -0.693366 
-0.407435 0.269915 0.238596 1229747268257579008.000000 0.940329 
-0.938448 -0.047349 -0.137999 0.756899 -0.781358 
-0.542786 1284173231271444480.000000 0.285309 1024428933652676608.000000 0.228116 
-2.499007 -0.799601 -2.012746 1229747268257579008.000000 0.764332 
-0.729648 1210344873756983296.000000 -0.531195 -1.087233 -0.851142 
-0.674837 0.399183 1792674406812614656.000000 1500148238731182080.000000 -0.566911 
-0.581363 -0.532575 -1.189850 -1.482826 0.127716 
1.253112 -0.221481 -0.760390 0.561481 0.103604 
0.831093 0.632376 1.590388 1.804369 -2.062624 
-1.156487 1210344873756983296.000000 1702098563061776384.000000 1571444970722689024.000000 1580764843596578816.000000 
1.092839 -0.314628 1.216315 -0.532310 -0.622912 
1.583694 1.090939 0.103767 -1.484490 1687719837188489216.000000 
-1.493362 2.303576 -0.817437 1024428933652676608.000000 0.028568 
